{"entities": [{"id": 0, "name": "Scene", "components": {"Object3D": {"object3D": {"metadata": {"version": 4.6, "type": "Object", "generator": "Object3D.toJSON"}, "geometries": [{"uuid": "951a63c3-a16c-4258-a2b2-edcaa6955841", "type": "BoxGeometry", "width": 1, "height": 1, "depth": 1, "widthSegments": 1, "heightSegments": 1, "depthSegments": 1}], "materials": [{"uuid": "0e48d58c-7c69-4b73-94ed-df5594189a6c", "type": "MeshBasicMaterial", "color": 16711680, "envMapRotation": [0, 0, 0, "XYZ"], "reflectivity": 1, "refractionRatio": 0.98, "blendColor": 0}], "object": {"uuid": "91a5adc7-5fb9-488c-ae5e-825c63f6ffe2", "type": "Scene", "layers": 1, "matrix": [1, 0, 0, 0, 0, 1, 0, 0, 0, 0, 1, 0, 0, 0, 0, 1], "up": [0, 1, 0], "children": [{"uuid": "ed847dc9-5e43-4b84-9f52-e1421a8067cb", "type": "PerspectiveCamera", "layers": 1, "matrix": [1, 0, 0, 0, 0, 0.4472135954999577, -0.8944271909999159, 0, 0, 0.8944271909999159, 0.4472135954999577, 0, 0, 10, 5.000000000000001, 1], "up": [0, 1, 0], "fov": 45, "zoom": 1, "near": 1, "far": 1000, "focus": 10, "aspect": 1.2246835443037976, "filmGauge": 35, "filmOffset": 0}, {"uuid": "ed847dc9-5e43-4b84-9f52-e1421a8067cb", "type": "PerspectiveCamera", "layers": 1, "matrix": [0.8942927306953752, 1.3877787807814457e-17, -0.44748241510187764, 0, -0.2082765628241456, 0.8850790266566434, -0.4162403031311218, 0, 0.396057300404334, 0.46544077665426836, 0.7915197396299745, 0, 4.428055233445728, 5.203786080496204, 8.849459716727786, 1], "up": [0, 1, 0], "fov": 45, "zoom": 1, "near": 1, "far": 1000, "focus": 10, "aspect": 1.2246835443037976, "filmGauge": 35, "filmOffset": 0}, {"uuid": "ed847dc9-5e43-4b84-9f52-e1421a8067cb", "type": "PerspectiveCamera", "layers": 1, "matrix": [1, 0, 0, 0, 0, 1, 0, 0, 0, 0, 1, 0, 0, 9, 5, 1], "up": [0, 1, 0], "fov": 45, "zoom": 1, "near": 1, "far": 1000, "focus": 10, "aspect": 1.2246835443037976, "filmGauge": 35, "filmOffset": 0}, {"uuid": "2d08542e-ca2b-43a7-acb6-3cdf99f977b4", "type": "Mesh", "layers": 1, "matrix": [1, 0, 0, 0, 0, 1, 0, 0, 0, 0, 1, 0, 0.4, 0, 0, 1], "up": [0, 1, 0], "geometry": "951a63c3-a16c-4258-a2b2-edcaa6955841", "material": "0e48d58c-7c69-4b73-94ed-df5594189a6c"}], "backgroundRotation": [0, 0, 0, "XYZ"], "environmentRotation": [0, 0, 0, "XYZ"]}}, "parent": null}, "Scene": {}, "UI": {}, "Export": {}}}, {"id": 1, "name": "Renderer", "components": {"Renderer": {"renderer": null, "clearColor": 16777215, "antialias": true}, "UI": {}, "Export": {}}}, {"id": 2, "name": "Camera", "components": {"Object3D": {"object3D": {"metadata": {"version": 4.6, "type": "Object", "generator": "Object3D.toJSON"}, "object": {"uuid": "ed847dc9-5e43-4b84-9f52-e1421a8067cb", "type": "PerspectiveCamera", "layers": 1, "matrix": [1, 0, 0, 0, 0, 1, 0, 0, 0, 0, 1, 0, 0, 9, 5, 1], "up": [0, 1, 0], "fov": 45, "zoom": 1, "near": 1, "far": 1000, "focus": 10, "aspect": 1.2246835443037976, "filmGauge": 35, "filmOffset": 0}}, "parent": null}, "Position": {"x": 0, "y": 9, "z": 5}, "Rotation": {"x": 0, "y": 0, "z": 0}, "Scale": {"x": 1, "y": 1, "z": 1}, "UI": {}, "Camera": {}, "Export": {}}}, {"id": 4, "name": "Mesh1", "components": {"Object3D": {"object3D": {"metadata": {"version": 4.6, "type": "Object", "generator": "Object3D.toJSON"}, "geometries": [{"uuid": "951a63c3-a16c-4258-a2b2-edcaa6955841", "type": "BoxGeometry", "width": 1, "height": 1, "depth": 1, "widthSegments": 1, "heightSegments": 1, "depthSegments": 1}], "materials": [{"uuid": "0e48d58c-7c69-4b73-94ed-df5594189a6c", "type": "MeshBasicMaterial", "color": 16711680, "envMapRotation": [0, 0, 0, "XYZ"], "reflectivity": 1, "refractionRatio": 0.98, "blendColor": 0}], "object": {"uuid": "2d08542e-ca2b-43a7-acb6-3cdf99f977b4", "type": "Mesh", "layers": 1, "matrix": [1, 0, 0, 0, 0, 1, 0, 0, 0, 0, 1, 0, 0.4, 0, 0, 1], "up": [0, 1, 0], "geometry": "951a63c3-a16c-4258-a2b2-edcaa6955841", "material": "0e48d58c-7c69-4b73-94ed-df5594189a6c"}}, "parent": {"metadata": {"version": 4.6, "type": "Object", "generator": "Object3D.toJSON"}, "geometries": [{"uuid": "951a63c3-a16c-4258-a2b2-edcaa6955841", "type": "BoxGeometry", "width": 1, "height": 1, "depth": 1, "widthSegments": 1, "heightSegments": 1, "depthSegments": 1}], "materials": [{"uuid": "0e48d58c-7c69-4b73-94ed-df5594189a6c", "type": "MeshBasicMaterial", "color": 16711680, "envMapRotation": [0, 0, 0, "XYZ"], "reflectivity": 1, "refractionRatio": 0.98, "blendColor": 0}], "object": {"uuid": "91a5adc7-5fb9-488c-ae5e-825c63f6ffe2", "type": "Scene", "layers": 1, "matrix": [1, 0, 0, 0, 0, 1, 0, 0, 0, 0, 1, 0, 0, 0, 0, 1], "up": [0, 1, 0], "children": [{"uuid": "ed847dc9-5e43-4b84-9f52-e1421a8067cb", "type": "PerspectiveCamera", "layers": 1, "matrix": [1, 0, 0, 0, 0, 0.4472135954999577, -0.8944271909999159, 0, 0, 0.8944271909999159, 0.4472135954999577, 0, 0, 10, 5.000000000000001, 1], "up": [0, 1, 0], "fov": 45, "zoom": 1, "near": 1, "far": 1000, "focus": 10, "aspect": 1.2246835443037976, "filmGauge": 35, "filmOffset": 0}, {"uuid": "ed847dc9-5e43-4b84-9f52-e1421a8067cb", "type": "PerspectiveCamera", "layers": 1, "matrix": [0.8942927306953752, 1.3877787807814457e-17, -0.44748241510187764, 0, -0.2082765628241456, 0.8850790266566434, -0.4162403031311218, 0, 0.396057300404334, 0.46544077665426836, 0.7915197396299745, 0, 4.428055233445728, 5.203786080496204, 8.849459716727786, 1], "up": [0, 1, 0], "fov": 45, "zoom": 1, "near": 1, "far": 1000, "focus": 10, "aspect": 1.2246835443037976, "filmGauge": 35, "filmOffset": 0}, {"uuid": "ed847dc9-5e43-4b84-9f52-e1421a8067cb", "type": "PerspectiveCamera", "layers": 1, "matrix": [1, 0, 0, 0, 0, 1, 0, 0, 0, 0, 1, 0, 0, 9, 5, 1], "up": [0, 1, 0], "fov": 45, "zoom": 1, "near": 1, "far": 1000, "focus": 10, "aspect": 1.2246835443037976, "filmGauge": 35, "filmOffset": 0}, {"uuid": "2d08542e-ca2b-43a7-acb6-3cdf99f977b4", "type": "Mesh", "layers": 1, "matrix": [1, 0, 0, 0, 0, 1, 0, 0, 0, 0, 1, 0, 0.4, 0, 0, 1], "up": [0, 1, 0], "geometry": "951a63c3-a16c-4258-a2b2-edcaa6955841", "material": "0e48d58c-7c69-4b73-94ed-df5594189a6c"}], "backgroundRotation": [0, 0, 0, "XYZ"], "environmentRotation": [0, 0, 0, "XYZ"]}}}, "Position": {"x": 0.4, "y": 0, "z": 0}, "Rotation": {"x": 0, "y": 0, "z": 0}, "Scale": {"x": 1, "y": 1, "z": 1}, "UI": {}, "Export": {}}}], "file_name": "Gtr8Cd1Ukd.json"}